%chk=1djg_2.chk

%nproc=8
%mem=16gb
#p Def2TZVP PBE1PBE maxDisk=200 nosymm Counterpoise=2

Counterpoise

! Num Residues = 4
! Residue List = 343:ASP, 312:ASN, 390:GLU, 1:LA, 

3,1 0,1 3,1
CA(Fragment=1) 	132.333000	36.462000	21.581000		! 390 GLU
OD1(Fragment=1) 	78.952000	37.768000	-17.249000		! 343 ASP
O(Fragment=1) 	121.219000	35.054000	25.440000		! 312 ASN
N(Fragment=1) 	75.932000	36.081000	-22.339000		! 312 ASN
C(Fragment=1) 	78.068000	37.613000	-13.163000		! 343 ASP
C(Fragment=1) 	130.615000	36.692000	26.778000		! 343 ASP
CG(Fragment=1) 	82.541000	39.196000	-16.154000		! 390 GLU
LA(Fragment=2) 	126.508000	38.457000	21.801000		! 1 LA
CB(Fragment=1) 	82.228000	37.722000	-16.165000		! 390 GLU
OE2(Fragment=1) 	81.102000	40.971000	-16.841000		! 390 GLU
C(Fragment=1) 	133.282000	36.818000	22.707000		! 390 GLU
ND2(Fragment=1) 	75.879000	40.253000	-21.717000		! 312 ASN
CG(Fragment=1) 	131.109000	38.738000	21.507000		! 390 GLU
OD1(Fragment=1) 	124.157000	37.630000	22.683000		! 312 ASN
N(Fragment=1) 	132.141000	35.074000	21.919000		! 390 GLU
N(Fragment=1) 	122.397000	35.105000	22.288000		! 312 ASN
O(Fragment=1) 	132.884000	36.952000	23.858000		! 390 GLU
N(Fragment=1) 	82.542000	35.509000	-15.084000		! 390 GLU
OE1(Fragment=1) 	81.706000	39.468000	-18.343000		! 390 GLU
CG(Fragment=1) 	75.893000	39.024000	-21.205000		! 312 ASN
CB(Fragment=1) 	77.790000	38.650000	-15.396000		! 343 ASP
LA(Fragment=2) 	79.338000	39.246000	-19.628000		! 1 LA
C(Fragment=1) 	122.039000	34.644000	24.608000		! 312 ASN
OD2(Fragment=1) 	126.884000	38.650000	24.392000		! 343 ASP
CB(Fragment=1) 	122.227000	37.002000	23.868000		! 312 ASN
OD2(Fragment=1) 	77.694000	39.488000	-17.613000		! 343 ASP
N(Fragment=1) 	129.127000	35.273000	25.610000		! 343 ASP
O(Fragment=1) 	81.605000	37.587000	-13.367000		! 390 GLU
N(Fragment=1) 	77.743000	36.193000	-15.031000		! 343 ASP
CB(Fragment=1) 	131.006000	37.222000	21.671000		! 390 GLU
ND2(Fragment=1) 	122.767000	39.268000	23.197000		! 312 ASN
CD(Fragment=1) 	129.746000	39.425000	21.582000		! 390 GLU
CA(Fragment=1) 	75.099000	36.617000	-21.234000		! 312 ASN
OD1(Fragment=1) 	128.098000	37.047000	23.432000		! 343 ASP
C(Fragment=1) 	82.744000	37.325000	-13.739000		! 390 GLU
CA(Fragment=1) 	78.369000	37.474000	-14.635000		! 343 ASP
OD1(Fragment=1) 	76.886000	38.532000	-20.758000		! 312 ASN
CA(Fragment=1) 	129.743000	36.602000	25.562000		! 343 ASP
O(Fragment=1) 	130.132000	36.982000	27.890000		! 343 ASP
OE1(Fragment=1) 	128.821000	38.923000	20.904000		! 390 GLU
C(Fragment=1) 	73.880000	35.769000	-21.044000		! 312 ASN
CG(Fragment=1) 	78.169000	38.634000	-16.856000		! 343 ASP
CG(Fragment=1) 	123.158000	38.011000	23.233000		! 312 ASN
OE2(Fragment=1) 	129.572000	40.391000	22.378000		! 390 GLU
O(Fragment=1) 	72.774000	36.248000	-21.074000		! 312 ASN
CB(Fragment=1) 	128.697000	37.722000	25.652000		! 343 ASP
CG(Fragment=1) 	127.812000	37.800000	24.414000		! 343 ASP
CB(Fragment=1) 	74.717000	38.086000	-21.466000		! 312 ASN
CA(Fragment=1) 	122.704000	35.575000	23.647000		! 312 ASN
CA(Fragment=1) 	83.023000	36.901000	-15.161000		! 390 GLU
CD(Fragment=1) 	81.744000	39.952000	-17.192000		! 390 GLU
O(Fragment=1) 	76.932000	37.904000	-12.773000		! 343 ASP

