%chk=1kqv_0.chk

%nproc=8
%mem=16gb
#p Def2TZVP PBE1PBE maxDisk=200 nosymm Counterpoise=2

Counterpoise

! Num Residues = 4
! Residue List = 56:ASN, 65:GLU, 105:LA, 60:GLU, 

3,1 0,1 3,1
HA(Fragment=1) 	20.208000	-8.798000	9.214000		! 60 GLU
CD(Fragment=1) 	23.033000	-5.897000	11.257000		! 60 GLU
CA(Fragment=1) 	19.330000	-3.594000	2.045000		! 65 GLU
OE2(Fragment=1) 	22.824000	-4.867000	11.933000		! 60 GLU
CB(Fragment=1) 	21.085000	-7.104000	10.204000		! 60 GLU
HG3(Fragment=1) 	21.304000	-3.901000	3.972000		! 65 GLU
CB(Fragment=1) 	19.802000	-4.863000	2.758000		! 65 GLU
N(Fragment=1) 	22.202000	-8.791000	8.807000		! 60 GLU
C(Fragment=1) 	20.605000	-7.277000	7.734000		! 60 GLU
CG(Fragment=1) 	22.198000	-6.076000	9.988000		! 60 GLU
HB3(Fragment=1) 	21.287000	-7.680000	11.106000		! 60 GLU
HG3(Fragment=1) 	21.764000	-5.120000	9.696000		! 60 GLU
OE1(Fragment=1) 	21.007000	-7.013000	3.784000		! 65 GLU
C(Fragment=1) 	17.968000	-3.812000	1.383000		! 65 GLU
CA(Fragment=1) 	20.969000	-8.047000	9.005000		! 60 GLU
HD21(Fragment=1) 	24.588000	-3.555000	6.381000		! 56 ASN
HA(Fragment=1) 	20.066000	-3.312000	1.292000		! 65 GLU
CA(Fragment=1) 	27.428000	-5.557000	4.415000		! 56 ASN
O(Fragment=1) 	17.892000	-4.309000	0.261000		! 65 GLU
LA(Fragment=2) 	23.590000	-5.783000	6.549000		! 105 LA
HB2(Fragment=1) 	27.163000	-4.163000	6.040000		! 56 ASN
CG(Fragment=1) 	21.245000	-4.712000	3.246000		! 65 GLU
CD(Fragment=1) 	21.746000	-6.011000	3.883000		! 65 GLU
HG2(Fragment=1) 	21.889000	-4.441000	2.410000		! 65 GLU
HB2(Fragment=1) 	19.148000	-5.073000	3.605000		! 65 GLU
OE1(Fragment=1) 	23.861000	-6.795000	11.523000		! 60 GLU
HB2(Fragment=1) 	20.137000	-6.590000	10.360000		! 60 GLU
ND2(Fragment=1) 	24.457000	-4.546000	6.398000		! 56 ASN
CG(Fragment=1) 	25.370000	-5.347000	5.856000		! 56 ASN
N(Fragment=1) 	26.627000	-6.274000	3.437000		! 56 ASN
H(Fragment=1) 	22.853000	-8.370000	8.176000		! 60 GLU
CB(Fragment=1) 	26.563000	-4.608000	5.246000		! 56 ASN
OD1(Fragment=1) 	25.284000	-6.564000	5.836000		! 56 ASN
OE2(Fragment=1) 	22.858000	-5.970000	4.453000		! 65 GLU
HB3(Fragment=1) 	19.731000	-5.713000	2.081000		! 65 GLU
O(Fragment=1) 	28.601000	-6.179000	6.415000		! 56 ASN
H(Fragment=1) 	25.670000	-6.410000	3.692000		! 56 ASN
HG2(Fragment=1) 	22.841000	-6.398000	9.168000		! 60 GLU
C(Fragment=1) 	28.080000	-6.560000	5.368000		! 56 ASN
HA(Fragment=1) 	28.161000	-4.999000	3.831000		! 56 ASN
N(Fragment=1) 	19.269000	-2.471000	2.965000		! 65 GLU
O(Fragment=1) 	21.423000	-6.529000	7.201000		! 60 GLU
HD22(Fragment=1) 	23.639000	-4.935000	6.823000		! 56 ASN
HB3(Fragment=1) 	26.206000	-3.791000	4.619000		! 56 ASN
H(Fragment=1) 	19.504000	-2.688000	3.913000		! 65 GLU

