%chk=2i18_0.chk

%nproc=8
%mem=16gb
#p Def2TZVP PBE1PBE maxDisk=200 nosymm Counterpoise=2

Counterpoise

! Num Residues = 6
! Residue List = 226:LA, 19:ASP, 17:ASP, 26:GLU, 15:ASP, 20:GLY, 

3,1 0,1 3,1
CD(Fragment=1) 	-1.719000	2.956000	-7.744000		! 26 GLU
HA2(Fragment=1) 	-2.476000	8.630000	-4.331000		! 20 GLY
CB(Fragment=1) 	-6.091000	6.398000	-7.216000		! 19 ASP
HA(Fragment=1) 	-2.139000	-0.679000	-9.748000		! 26 GLU
N(Fragment=1) 	-3.450000	-1.647000	-8.529000		! 26 GLU
H(Fragment=1) 	2.401000	4.561000	-4.514000		! 15 ASP
H(Fragment=1) 	-0.527000	4.426000	-9.449000		! 17 ASP
HB3(Fragment=1) 	-3.076000	4.711000	-9.093000		! 17 ASP
HA(Fragment=1) 	-6.256000	8.453000	-7.894000		! 19 ASP
H(Fragment=1) 	-3.427000	7.189000	-6.014000		! 20 GLY
OD2(Fragment=1) 	-0.440000	8.073000	-4.936000		! 15 ASP
CA(Fragment=1) 	-3.499000	8.266000	-4.233000		! 20 GLY
CA(Fragment=1) 	0.912000	4.965000	-5.916000		! 15 ASP
OE2(Fragment=1) 	-0.905000	3.864000	-8.015000		! 26 GLU
CA(Fragment=1) 	-2.303000	-0.766000	-8.674000		! 26 GLU
CG(Fragment=1) 	-0.679000	6.901000	-5.300000		! 15 ASP
H(Fragment=1) 	-4.225000	-1.254000	-8.034000		! 26 GLU
HA(Fragment=1) 	0.259000	4.137000	-6.188000		! 15 ASP
O(Fragment=1) 	-5.845000	9.157000	-5.430000		! 19 ASP
O(Fragment=1) 	0.053000	-1.173000	-8.459000		! 26 GLU
LA(Fragment=2) 	-3.408000	4.752000	-7.094000		! 226 LA
OD1(Fragment=1) 	-4.363000	3.871000	-11.959000		! 17 ASP
HA3(Fragment=1) 	-4.098000	9.096000	-3.856000		! 20 GLY
CB(Fragment=1) 	-2.957000	4.289000	-10.091000		! 17 ASP
C(Fragment=1) 	1.220000	5.885000	-7.099000		! 15 ASP
OD1(Fragment=1) 	-6.876000	6.558000	-9.451000		! 19 ASP
CA(Fragment=1) 	-5.531000	7.811000	-7.394000		! 19 ASP
OE1(Fragment=1) 	-2.762000	3.081000	-7.068000		! 26 GLU
C(Fragment=1) 	-3.541000	7.107000	-3.236000		! 20 GLY
CG(Fragment=1) 	-4.332000	4.219000	-10.759000		! 17 ASP
C(Fragment=1) 	-5.134000	8.340000	-6.014000		! 19 ASP
HG3(Fragment=1) 	-1.165000	1.629000	-9.352000		! 26 GLU
OD1(Fragment=1) 	-1.629000	6.536000	-6.026000		! 15 ASP
CB(Fragment=1) 	-2.601000	0.620000	-8.098000		! 26 GLU
HA(Fragment=1) 	-1.668000	4.640000	-11.801000		! 17 ASP
N(Fragment=1) 	-0.656000	5.159000	-10.117000		! 17 ASP
HB3(Fragment=1) 	1.075000	6.283000	-4.233000		! 15 ASP
HB3(Fragment=1) 	-2.832000	0.535000	-7.036000		! 26 GLU
CB(Fragment=1) 	0.279000	5.814000	-4.810000		! 15 ASP
O(Fragment=1) 	-2.751000	7.066000	-2.293000		! 20 GLY
HB3(Fragment=1) 	-6.755000	6.394000	-6.353000		! 19 ASP
C(Fragment=1) 	-2.454000	6.529000	-11.016000		! 17 ASP
N(Fragment=1) 	-4.363000	7.806000	-8.260000		! 19 ASP
N(Fragment=1) 	2.144000	4.345000	-5.457000		! 15 ASP
O(Fragment=1) 	1.441000	7.081000	-6.920000		! 15 ASP
O(Fragment=1) 	-2.912000	6.899000	-12.097000		! 17 ASP
OD2(Fragment=1) 	-5.321000	4.516000	-10.056000		! 17 ASP
CG(Fragment=1) 	-6.852000	5.847000	-8.423000		! 19 ASP
CG(Fragment=1) 	-1.410000	1.561000	-8.293000		! 26 GLU
C(Fragment=1) 	-1.072000	-1.384000	-8.009000		! 26 GLU
N(Fragment=1) 	-4.000000	7.853000	-5.533000		! 20 GLY
OD2(Fragment=1) 	-7.392000	4.728000	-8.290000		! 19 ASP
H(Fragment=1) 	-3.772000	7.006000	-8.168000		! 19 ASP
CA(Fragment=1) 	-1.910000	5.109000	-10.847000		! 17 ASP

