%chk=2oqr_1.chk

%nproc=8
%mem=16gb
#p Def2TZVP PBE1PBE maxDisk=200 nosymm Counterpoise=2

Counterpoise

! Num Residues = 8
! Residue List = 550:HOH, 548:HOH, 552:HOH, 549:HOH, 551:HOH, 186:ASP, 302:LA, 180:ASP, 

3,1 0,1 3,1
C(Fragment=1) 	39.023000	-7.789000	-3.378000		! 186 ASP
OD2(Fragment=1) 	45.139000	-7.115000	1.847000		! 180 ASP
CG(Fragment=1) 	44.092000	-7.824000	1.930000		! 180 ASP
OD1(Fragment=1) 	43.334000	-8.040000	0.964000		! 180 ASP
O(Fragment=1) 	43.559000	-5.222000	0.667000		! 548 HOH
O(Fragment=1) 	46.411000	-4.863000	0.559000		! 549 HOH
LA(Fragment=2) 	44.886000	-6.509000	-0.550000		! 302 LA
OD2(Fragment=1) 	42.835000	-6.134000	-1.601000		! 186 ASP
CA(Fragment=1) 	39.932000	-7.301000	-2.269000		! 186 ASP
C(Fragment=1) 	42.231000	-10.152000	4.350000		! 180 ASP
N(Fragment=1) 	41.312000	-7.997000	3.530000		! 180 ASP
O(Fragment=1) 	45.937000	-6.283000	-2.749000		! 551 HOH
CB(Fragment=1) 	43.752000	-8.471000	3.266000		! 180 ASP
O(Fragment=1) 	42.291000	-11.342000	4.040000		! 180 ASP
N(Fragment=1) 	40.872000	-8.350000	-1.902000		! 186 ASP
OD1(Fragment=1) 	41.272000	-4.854000	-0.664000		! 186 ASP
CG(Fragment=1) 	41.674000	-5.617000	-1.582000		! 186 ASP
O(Fragment=1) 	47.215000	-6.474000	0.002000		! 550 HOH
CB(Fragment=1) 	40.689000	-6.026000	-2.660000		! 186 ASP
CA(Fragment=1) 	42.314000	-9.049000	3.300000		! 180 ASP
O(Fragment=1) 	39.417000	-8.656000	-4.168000		! 186 ASP
O(Fragment=1) 	44.849000	-4.195000	-1.783000		! 552 HOH

