%chk=2oqr_3.chk

%nproc=8
%mem=16gb
#p Def2TZVP PBE1PBE maxDisk=200 nosymm Counterpoise=2

Counterpoise

! Num Residues = 9
! Residue List = 98:TYR, 465:HOH, 462:HOH, 466:HOH, 463:HOH, 86:ASP, 301:LA, 460:HOH, 97:ASP, 

3,1 0,1 3,1
LA(Fragment=2) 	38.270000	-29.170000	4.918000		! 301 LA
CG(Fragment=1) 	41.470000	-28.307000	4.572000		! 97 ASP
OD2(Fragment=1) 	38.557000	-30.454000	6.966000		! 86 ASP
O(Fragment=1) 	38.636000	-27.510000	6.786000		! 460 HOH
CB(Fragment=1) 	42.949000	-28.728000	4.573000		! 97 ASP
CG(Fragment=1) 	39.220000	-31.350000	6.404000		! 86 ASP
N(Fragment=1) 	44.552000	-30.589000	4.655000		! 97 ASP
CG(Fragment=1) 	39.013000	-33.128000	1.084000		! 98 TYR
CZ(Fragment=1) 	37.299000	-33.830000	-1.003000		! 98 TYR
OD2(Fragment=1) 	40.652000	-28.920000	5.262000		! 97 ASP
CE1(Fragment=1) 	36.853000	-33.039000	-0.004000		! 98 TYR
O(Fragment=1) 	36.516000	-28.234000	3.537000		! 463 HOH
CD1(Fragment=1) 	37.695000	-32.691000	1.050000		! 98 TYR
CE2(Fragment=1) 	38.599000	-34.287000	-0.989000		! 98 TYR
OH(Fragment=1) 	36.390000	-34.174000	-2.012000		! 98 TYR
OD1(Fragment=1) 	39.428000	-31.239000	5.162000		! 86 ASP
CA(Fragment=1) 	43.154000	-30.262000	4.504000		! 97 ASP
O(Fragment=1) 	36.581000	-31.056000	4.609000		! 466 HOH
N(Fragment=1) 	41.404000	-31.106000	3.158000		! 98 TYR
OD1(Fragment=1) 	41.137000	-27.314000	3.903000		! 97 ASP
C(Fragment=1) 	39.686000	-30.338000	1.686000		! 98 TYR
O(Fragment=1) 	38.304000	-27.064000	3.920000		! 465 HOH
CD2(Fragment=1) 	39.448000	-33.932000	0.054000		! 98 TYR
CB(Fragment=1) 	39.794000	-32.477000	7.301000		! 86 ASP
C(Fragment=1) 	41.103000	-34.719000	7.350000		! 86 ASP
O(Fragment=1) 	43.476000	-31.027000	2.268000		! 97 ASP
C(Fragment=1) 	42.691000	-30.815000	3.192000		! 97 ASP
O(Fragment=1) 	38.963000	-29.882000	2.592000		! 98 TYR
O(Fragment=1) 	36.371000	-28.666000	6.287000		! 462 HOH
O(Fragment=1) 	42.322000	-34.808000	7.082000		! 86 ASP
CB(Fragment=1) 	39.923000	-32.743000	2.212000		! 98 TYR
N(Fragment=1) 	38.931000	-34.563000	6.192000		! 86 ASP
CA(Fragment=1) 	40.147000	-33.790000	6.541000		! 86 ASP
CA(Fragment=1) 	40.691000	-31.445000	1.971000		! 98 TYR

