%chk=2oqr_2.chk

%nproc=8
%mem=16gb
#p Def2TZVP PBE1PBE maxDisk=200 nosymm Counterpoise=2

Counterpoise

! Num Residues = 4
! Residue List = 11:GLU, 434:HOH, 304:LA, 435:HOH, 

3,1 0,1 3,1
O(Fragment=1) 	21.872000	-43.341000	15.082000		! 11 GLU
LA(Fragment=2) 	22.191000	-47.239000	21.672000		! 304 LA
CB(Fragment=1) 	23.677000	-44.398000	17.560000		! 11 GLU
OE2(Fragment=1) 	23.514000	-45.954000	19.794000		! 11 GLU
OE1(Fragment=1) 	21.971000	-47.273000	19.075000		! 11 GLU
CD(Fragment=1) 	22.749000	-46.328000	18.913000		! 11 GLU
O(Fragment=1) 	22.754000	-49.344000	22.827000		! 435 HOH
C(Fragment=1) 	22.851000	-42.924000	15.667000		! 11 GLU
O(Fragment=1) 	23.344000	-49.040000	20.390000		! 434 HOH
N(Fragment=1) 	25.250000	-43.234000	16.069000		! 11 GLU
CG(Fragment=1) 	22.748000	-45.592000	17.577000		! 11 GLU
CA(Fragment=1) 	23.953000	-43.883000	16.130000		! 11 GLU

