%chk=5kij_0.chk

%nproc=8
%mem=16gb
#p Def2TZVP PBE1PBE maxDisk=200 nosymm Counterpoise=2

Counterpoise

! Num Residues = 8
! Residue List = 701:LA, 927:HOH, 5:MAN, 688:THR, 19.229:HOH, 864:HOH, 892:HOH, 9.488:HOH, 

3,1 0,1 3,1
CG2(Fragment=1) 	-2.105000	-2.371000	-3.347000		! 688 THR
O3(Fragment=1) 	1.342000	-0.956000	0.331000		! 5 MAN
C1(Fragment=1) 	2.369000	-4.063000	0.267000		! 5 MAN
O(Fragment=1) 	-0.413000	0.391000	2.154000		! 864 HOH
O(Fragment=1) 	-2.312000	-1.871000	1.000000		! 19.229 HOH
C5(Fragment=1) 	4.096000	-2.341000	0.728000		! 5 MAN
O(Fragment=1) 	-0.922000	0.026000	-1.205000		! 688 THR
O4(Fragment=1) 	4.273000	-2.054000	-1.658000		! 5 MAN
O2(Fragment=1) 	0.284000	-3.178000	-0.745000		! 5 MAN
C2(Fragment=1) 	1.725000	-3.171000	-0.827000		! 5 MAN
OG1(Fragment=1) 	-2.745000	-2.186000	-1.025000		! 688 THR
C6(Fragment=1) 	3.533000	-1.812000	2.053000		! 5 MAN
O6(Fragment=1) 	4.268000	-2.335000	3.143000		! 5 MAN
CB(Fragment=1) 	-3.058000	-1.741000	-2.352000		! 688 THR
C(Fragment=1) 	-1.572000	0.324000	-2.223000		! 688 THR
O(Fragment=1) 	-3.519000	-1.548000	1.000000		! 9.488 HOH
C4(Fragment=1) 	3.630000	-1.543000	-0.494000		! 5 MAN
N(Fragment=1) 	-3.651000	0.297000	-3.589000		! 688 THR
O(Fragment=1) 	0.356000	-2.770000	2.511000		! 927 HOH
O(Fragment=1) 	-3.256000	-0.021000	0.918000		! 892 HOH
LA(Fragment=2) 	-1.088000	-1.575000	0.800000		! 701 LA
O5(Fragment=1) 	3.734000	-3.744000	0.558000		! 5 MAN
CA(Fragment=1) 	-2.996000	-0.207000	-2.387000		! 688 THR
C3(Fragment=1) 	2.120000	-1.687000	-0.684000		! 5 MAN

