%chk=5kkb_1.chk

%nproc=8
%mem=16gb
#p Def2TZVP PBE1PBE maxDisk=200 nosymm Counterpoise=2

Counterpoise

! Num Residues = 6
! Residue List = 711:LA, 827:HOH, 635:THR, 808:HOH, 927:HOH, 5:MAN, 

3,1 0,1 3,1
C6(Fragment=1) 	63.076000	15.893000	-1.000000		! 5 MAN
O5(Fragment=1) 	81.301000	49.376000	-42.659000		! 5 MAN
S1(Fragment=1) 	91.003000	29.766000	-28.340000		! 711 1PS
CB(Fragment=1) 	66.755000	20.458000	4.479000		! 635 THR
C2(Fragment=1) 	89.767000	33.296000	-23.279000		! 711 1PS
O(Fragment=1) 	74.294000	49.568000	-38.293000		! 808 HOH
C8(Fragment=1) 	92.022000	29.129000	-26.982000		! 711 1PS
C5(Fragment=1) 	80.997000	48.810000	-43.995000		! 5 MAN
O3(Fragment=1) 	89.881000	28.795000	-28.533000		! 711 1PS
O6(Fragment=1) 	80.169000	50.995000	-44.812000		! 5 MAN
C3(Fragment=1) 	63.433000	18.361000	0.963000		! 5 MAN
O3(Fragment=1) 	78.371000	47.530000	-43.214000		! 5 MAN
C(Fragment=1) 	76.419000	44.189000	-41.698000		! 635 THR
C4(Fragment=1) 	62.339000	18.156000	-0.103000		! 5 MAN
C3(Fragment=1) 	91.906000	31.833000	-23.946000		! 711 1PS
C5(Fragment=1) 	61.989000	16.676000	-0.268000		! 5 MAN
CG2(Fragment=1) 	65.285000	20.811000	4.538000		! 635 THR
C(Fragment=1) 	66.645000	21.180000	2.081000		! 635 THR
O4(Fragment=1) 	81.895000	46.653000	-43.459000		! 5 MAN
O(Fragment=1) 	94.205000	45.203000	-37.893000		! 827 HOH
O(Fragment=1) 	76.637000	45.294000	-42.214000		! 635 THR
C6(Fragment=1) 	90.593000	30.373000	-25.336000		! 711 1PS
C4(Fragment=1) 	92.051000	32.907000	-23.094000		! 711 1PS
O2(Fragment=1) 	91.830000	30.065000	-29.573000		! 711 1PS
O(Fragment=1) 	69.116000	18.477000	2.274000		! 927 HOH
O5(Fragment=1) 	61.657000	16.111000	1.064000		! 5 MAN
C4(Fragment=1) 	80.700000	47.314000	-43.841000		! 5 MAN
C3(Fragment=1) 	79.614000	47.047000	-42.776000		! 5 MAN
O1(Fragment=1) 	90.377000	31.097000	-28.101000		! 711 1PS
N(Fragment=1) 	67.796000	22.580000	3.770000		! 635 THR
C1(Fragment=1) 	62.541000	16.306000	2.140000		! 5 MAN
C1(Fragment=1) 	80.423000	49.135000	-41.588000		! 5 MAN
O4(Fragment=1) 	61.192000	18.843000	0.299000		! 5 MAN
O(Fragment=1) 	66.382000	20.095000	1.575000		! 635 THR
N1(Fragment=1) 	90.694000	31.509000	-24.452000		! 711 1PS
C5(Fragment=1) 	90.968000	33.634000	-22.771000		! 711 1PS
O2(Fragment=1) 	78.769000	47.607000	-40.634000		! 5 MAN
C7(Fragment=1) 	92.013000	30.126000	-25.837000		! 711 1PS
O(Fragment=1) 	58.253000	46.424000	-39.000000		! 927 HOH
N(Fragment=1) 	75.315000	42.729000	-40.030000		! 635 THR
OG1(Fragment=1) 	66.891000	19.049000	4.273000		! 635 THR
OG1(Fragment=1) 	76.079000	46.293000	-39.487000		! 635 THR
C6(Fragment=1) 	79.877000	49.588000	-44.744000		! 5 MAN
O(Fragment=1) 	65.655000	15.163000	1.785000		! 827 HOH
O6(Fragment=1) 	62.771000	14.505000	-1.066000		! 5 MAN
CA(Fragment=1) 	67.475000	21.219000	3.357000		! 635 THR
LA(Fragment=2) 	66.604000	17.581000	2.182000		! 711 LA
CB(Fragment=1) 	76.282000	44.888000	-39.296000		! 635 THR
O2(Fragment=1) 	64.153000	17.802000	3.170000		! 5 MAN
CG2(Fragment=1) 	77.776000	44.595000	-39.232000		! 635 THR
C2(Fragment=1) 	79.988000	47.673000	-41.421000		! 5 MAN
C1(Fragment=1) 	89.605000	32.231000	-24.139000		! 711 1PS
O(Fragment=1) 	67.658000	17.290000	-0.264000		! 808 HOH
O3(Fragment=1) 	64.660000	17.862000	0.480000		! 5 MAN
C2(Fragment=1) 	63.025000	17.737000	2.301000		! 5 MAN
CA(Fragment=1) 	75.591000	44.109000	-40.425000		! 635 THR

