%chk=5kkb_1.chk

%nproc=8
%mem=16gb
#p Def2TZVP PBE1PBE maxDisk=200 nosymm Counterpoise=2

Counterpoise

! Num Residues = 6
! Residue List = 635:THR, 835:HOH, 898:HOH, 5:MAN, 805:HOH, 712:LA, 

3,1 0,1 3,1
C5(Fragment=1) 	51.437000	32.373000	20.978000		! 712 1PS
OG1(Fragment=1) 	66.891000	19.049000	4.273000		! 635 THR
C(Fragment=1) 	66.645000	21.180000	2.081000		! 635 THR
O6(Fragment=1) 	62.771000	14.505000	-1.066000		! 5 MAN
C1(Fragment=1) 	51.343000	34.255000	19.539000		! 712 1PS
CG2(Fragment=1) 	65.285000	20.811000	4.538000		! 635 THR
O(Fragment=1) 	66.382000	20.095000	1.575000		! 635 THR
CA(Fragment=1) 	75.591000	44.109000	-40.425000		! 635 THR
C2(Fragment=1) 	50.753000	33.431000	20.485000		! 712 1PS
O1(Fragment=1) 	56.040000	36.300000	21.791000		! 712 1PS
O(Fragment=1) 	45.869000	25.137000	-1.888000		! 835 HOH
C4(Fragment=1) 	52.687000	32.120000	20.551000		! 712 1PS
CG2(Fragment=1) 	77.776000	44.595000	-39.232000		! 635 THR
N(Fragment=1) 	67.796000	22.580000	3.770000		! 635 THR
C1(Fragment=1) 	80.423000	49.135000	-41.588000		! 5 MAN
C8(Fragment=1) 	53.897000	36.301000	20.117000		! 712 1PS
O5(Fragment=1) 	61.657000	16.111000	1.064000		! 5 MAN
C6(Fragment=1) 	63.076000	15.893000	-1.000000		! 5 MAN
O6(Fragment=1) 	80.169000	50.995000	-44.812000		! 5 MAN
O(Fragment=1) 	47.971000	33.721000	-9.175000		! 805 HOH
S1(Fragment=1) 	55.640000	35.861000	20.400000		! 712 1PS
C(Fragment=1) 	76.419000	44.189000	-41.698000		! 635 THR
C4(Fragment=1) 	80.700000	47.314000	-43.841000		! 5 MAN
C6(Fragment=1) 	53.251000	34.843000	18.127000		! 712 1PS
O3(Fragment=1) 	55.904000	34.377000	20.213000		! 712 1PS
N(Fragment=1) 	75.315000	42.729000	-40.030000		! 635 THR
O2(Fragment=1) 	64.153000	17.802000	3.170000		! 5 MAN
CB(Fragment=1) 	66.755000	20.458000	4.479000		! 635 THR
C3(Fragment=1) 	63.433000	18.361000	0.963000		! 5 MAN
O5(Fragment=1) 	81.301000	49.376000	-42.659000		! 5 MAN
C7(Fragment=1) 	53.518000	36.263000	18.632000		! 712 1PS
O(Fragment=1) 	77.272000	50.201000	-41.974000		! 835 HOH
CA(Fragment=1) 	67.475000	21.219000	3.357000		! 635 THR
C4(Fragment=1) 	62.339000	18.156000	-0.103000		! 5 MAN
C2(Fragment=1) 	63.025000	17.737000	2.301000		! 5 MAN
O3(Fragment=1) 	64.660000	17.862000	0.480000		! 5 MAN
O4(Fragment=1) 	81.895000	46.653000	-43.459000		! 5 MAN
O2(Fragment=1) 	78.769000	47.607000	-40.634000		! 5 MAN
O2(Fragment=1) 	56.534000	36.492000	19.358000		! 712 1PS
O(Fragment=1) 	73.864000	46.812000	-41.580000		! 898 HOH
CB(Fragment=1) 	76.282000	44.888000	-39.296000		! 635 THR
C6(Fragment=1) 	79.877000	49.588000	-44.744000		! 5 MAN
C2(Fragment=1) 	79.988000	47.673000	-41.421000		! 5 MAN
O(Fragment=1) 	76.637000	45.294000	-42.214000		! 635 THR
C5(Fragment=1) 	80.997000	48.810000	-43.995000		! 5 MAN
C3(Fragment=1) 	53.283000	32.935000	19.603000		! 712 1PS
C1(Fragment=1) 	62.541000	16.306000	2.140000		! 5 MAN
C5(Fragment=1) 	61.989000	16.676000	-0.268000		! 5 MAN
OG1(Fragment=1) 	76.079000	46.293000	-39.487000		! 635 THR
N1(Fragment=1) 	52.608000	33.999000	19.117000		! 712 1PS
LA(Fragment=2) 	76.351000	47.787000	-41.592000		! 712 LA
O4(Fragment=1) 	61.192000	18.843000	0.299000		! 5 MAN
O(Fragment=1) 	75.289000	47.948000	-44.010000		! 805 HOH
O3(Fragment=1) 	78.371000	47.530000	-43.214000		! 5 MAN
C3(Fragment=1) 	79.614000	47.047000	-42.776000		! 5 MAN
O(Fragment=1) 	49.796000	32.612000	12.944000		! 898 HOH

