%chk=6dam_0.chk

%nproc=8
%mem=16gb
#p Def2TZVP PBE1PBE maxDisk=200 nosymm Counterpoise=2

Counterpoise

! Num Residues = 6
! Residue List = 327:ASP, 329:ASP, 702:PQQ, 285:ASN, 197:GLU, 701:LA, 

3,1 0,1 3,1
LA(Fragment=2) 	-2.660000	126.476000	21.514000		! 701 LA
C9X(Fragment=1) 	1.300000	124.663000	27.042000		! 702 PQQ
C1A(Fragment=1) 	-1.604000	123.227000	26.475000		! 702 PQQ
C(Fragment=1) 	-2.244000	133.448000	23.280000		! 197 GLU
O2A(Fragment=1) 	-0.765000	120.648000	29.568000		! 702 PQQ
CA(Fragment=1) 	-1.625000	127.058000	16.289000		! 285 ASN
OD1(Fragment=1) 	-2.971000	124.537000	19.903000		! 329 ASP
O9A(Fragment=1) 	2.374000	125.323000	27.034000		! 702 PQQ
O(Fragment=1) 	-5.902000	123.624000	19.056000		! 327 ASP
C4(Fragment=1) 	-3.588000	123.169000	24.911000		! 702 PQQ
C(Fragment=1) 	-1.108000	128.421000	15.843000		! 285 ASN
C3A(Fragment=1) 	-2.858000	122.677000	26.132000		! 702 PQQ
OD1(Fragment=1) 	-1.859000	127.588000	19.316000		! 285 ASN
CA(Fragment=1) 	-6.605000	125.586000	17.830000		! 327 ASP
ND2(Fragment=1) 	-3.017000	129.305000	18.440000		! 285 ASN
C(Fragment=1) 	-6.179000	124.116000	17.957000		! 327 ASP
N1(Fragment=1) 	-1.174000	122.593000	27.596000		! 702 PQQ
CG(Fragment=1) 	-2.541000	128.066000	18.405000		! 285 ASN
C2X(Fragment=1) 	-1.952000	120.771000	29.143000		! 702 PQQ
C9(Fragment=1) 	0.247000	124.839000	25.938000		! 702 PQQ
OE1(Fragment=1) 	-3.600000	128.905000	21.564000		! 197 GLU
OE2(Fragment=1) 	-2.981000	128.198000	23.555000		! 197 GLU
N(Fragment=1) 	-0.605000	126.320000	17.012000		! 285 ASN
O(Fragment=1) 	-1.598000	120.208000	17.775000		! 329 ASP
CB(Fragment=1) 	-1.441000	122.805000	19.314000		! 329 ASP
N(Fragment=1) 	-1.445000	131.260000	22.463000		! 197 GLU
CG(Fragment=1) 	-5.693000	126.232000	20.115000		! 327 ASP
O9B(Fragment=1) 	1.049000	123.891000	28.007000		! 702 PQQ
O2B(Fragment=1) 	-2.899000	120.072000	29.583000		! 702 PQQ
O(Fragment=1) 	-0.232000	129.007000	16.494000		! 285 ASN
O4(Fragment=1) 	-4.658000	122.688000	24.652000		! 702 PQQ
O7A(Fragment=1) 	-0.361000	127.464000	21.908000		! 702 PQQ
C2(Fragment=1) 	-2.141000	121.688000	27.956000		! 702 PQQ
C3(Fragment=1) 	-3.184000	121.728000	27.043000		! 702 PQQ
OD2(Fragment=1) 	-0.847000	124.878000	20.323000		! 329 ASP
CG(Fragment=1) 	-1.780000	124.174000	19.871000		! 329 ASP
O5(Fragment=1) 	-3.545000	124.627000	23.122000		! 702 PQQ
OD1(Fragment=1) 	-4.666000	126.755000	19.650000		! 327 ASP
C9A(Fragment=1) 	-0.976000	124.317000	25.617000		! 702 PQQ
OD2(Fragment=1) 	-5.717000	125.740000	21.266000		! 327 ASP
N6(Fragment=1) 	-1.115000	125.763000	23.704000		! 702 PQQ
CA(Fragment=1) 	-1.935000	122.585000	17.877000		! 329 ASP
N(Fragment=1) 	-7.710000	125.780000	16.867000		! 327 ASP
C6A(Fragment=1) 	-1.667000	124.788000	24.473000		! 702 PQQ
CG(Fragment=1) 	-4.323000	130.184000	23.469000		! 197 GLU
C7X(Fragment=1) 	0.412000	127.306000	22.913000		! 702 PQQ
C7(Fragment=1) 	0.100000	126.293000	24.020000		! 702 PQQ
C8(Fragment=1) 	0.798000	125.822000	25.153000		! 702 PQQ
O(Fragment=1) 	-3.115000	134.205000	23.722000		! 197 GLU
C(Fragment=1) 	-1.279000	121.319000	17.339000		! 329 ASP
N(Fragment=1) 	-3.402000	122.500000	17.838000		! 329 ASP
CB(Fragment=1) 	-2.852000	127.253000	17.168000		! 285 ASN
CB(Fragment=1) 	-6.927000	126.164000	19.216000		! 327 ASP
CB(Fragment=1) 	-3.384000	131.303000	23.969000		! 197 GLU
CA(Fragment=1) 	-2.618000	132.030000	22.852000		! 197 GLU
C5(Fragment=1) 	-2.996000	124.209000	24.098000		! 702 PQQ
O7B(Fragment=1) 	1.518000	127.903000	22.961000		! 702 PQQ
CD(Fragment=1) 	-3.577000	129.017000	22.815000		! 197 GLU

