%chk=6oc5_0.chk

%nproc=8
%mem=16gb
#p Def2TZVP PBE1PBE maxDisk=200 nosymm Counterpoise=2

Counterpoise

! Num Residues = 5
! Residue List = 320:ASP, 803:HOH, 701:LA, 192:GLU, 318:ASP, 

3,1 0,1 3,1
CG(Fragment=1) 	-17.811000	-5.002000	-16.936000		! 192 GLU
O(Fragment=1) 	-6.763000	-4.602000	-12.148000		! 320 ASP
CA(Fragment=1) 	-27.597000	42.524000	-42.918000		! 320 ASP
OD2(Fragment=1) 	-14.872000	-6.794000	-13.157000		! 318 ASP
CG(Fragment=1) 	-14.465000	-5.987000	-12.294000		! 318 ASP
N(Fragment=1) 	-26.745000	42.313000	-44.083000		! 320 ASP
OD1(Fragment=1) 	-29.184000	37.654000	-46.029000		! 318 ASP
CB(Fragment=1) 	-14.758000	-6.294000	-10.831000		! 318 ASP
C(Fragment=1) 	-7.214000	-5.682000	-12.540000		! 320 ASP
CB(Fragment=1) 	-27.599000	38.355000	-47.680000		! 318 ASP
OE2(Fragment=1) 	-29.741000	34.616000	-43.161000		! 192 GLU
CA(Fragment=1) 	-13.612000	-7.048000	-10.141000		! 318 ASP
O(Fragment=1) 	-19.906000	-7.513000	-19.327000		! 192 GLU
N(Fragment=1) 	-16.327000	-7.019000	-19.094000		! 192 GLU
N(Fragment=1) 	-33.125000	34.334000	-43.248000		! 192 GLU
CA(Fragment=1) 	-27.716000	39.878000	-47.837000		! 318 ASP
C(Fragment=1) 	-12.413000	-6.129000	-9.886000		! 318 ASP
CB(Fragment=1) 	-31.729000	32.538000	-44.139000		! 192 GLU
OD1(Fragment=1) 	-28.243000	39.763000	-43.782000		! 320 ASP
N(Fragment=1) 	-9.416000	-5.613000	-11.446000		! 320 ASP
OD2(Fragment=1) 	-29.441000	39.738000	-41.943000		! 320 ASP
C(Fragment=1) 	-18.699000	-7.573000	-19.586000		! 192 GLU
CG(Fragment=1) 	-27.980000	37.871000	-46.286000		! 318 ASP
N(Fragment=1) 	-14.072000	-7.682000	-8.900000		! 318 ASP
CA(Fragment=1) 	-17.701000	-6.946000	-18.619000		! 192 GLU
OE2(Fragment=1) 	-16.046000	-5.915000	-15.623000		! 192 GLU
OE1(Fragment=1) 	-30.304000	35.470000	-45.106000		! 192 GLU
CG(Fragment=1) 	-28.496000	40.177000	-42.632000		! 320 ASP
CA(Fragment=1) 	-8.716000	-5.891000	-12.698000		! 320 ASP
C(Fragment=1) 	-26.660000	40.611000	-47.007000		! 318 ASP
CD(Fragment=1) 	-16.349000	-5.117000	-16.535000		! 192 GLU
CG(Fragment=1) 	-10.631000	-5.428000	-14.300000		! 320 ASP
OD2(Fragment=1) 	-27.071000	37.691000	-45.450000		! 318 ASP
CA(Fragment=1) 	-33.004000	33.355000	-44.321000		! 192 GLU
O(Fragment=1) 	-25.786000	40.013000	-46.375000		! 318 ASP
OE1(Fragment=1) 	-15.504000	-4.410000	-17.123000		! 192 GLU
OD2(Fragment=1) 	-10.808000	-5.576000	-15.527000		! 320 ASP
CG(Fragment=1) 	-30.510000	33.116000	-44.835000		! 192 GLU
CB(Fragment=1) 	-27.619000	41.267000	-42.050000		! 320 ASP
LA(Fragment=2) 	-29.448000	37.337000	-43.291000		! 701 LA
LA(Fragment=2) 	-13.487000	-4.947000	-15.310000		! 701 LA
O(Fragment=1) 	-25.979000	43.805000	-41.683000		! 320 ASP
OD1(Fragment=1) 	-11.539000	-5.609000	-13.461000		! 320 ASP
O(Fragment=1) 	-15.091000	31.733000	-29.771000		! 803 HOH
OD1(Fragment=1) 	-13.826000	-4.953000	-12.583000		! 318 ASP
N(Fragment=1) 	-27.620000	40.267000	-49.245000		! 318 ASP
O(Fragment=1) 	-12.524000	-5.406000	-17.831000		! 803 HOH
O(Fragment=1) 	-12.464000	-4.914000	-10.089000		! 318 ASP
CB(Fragment=1) 	-18.083000	-5.485000	-18.357000		! 192 GLU
C(Fragment=1) 	-27.138000	43.723000	-42.097000		! 320 ASP
O(Fragment=1) 	-34.181000	31.512000	-45.260000		! 192 GLU
CB(Fragment=1) 	-9.261000	-4.992000	-13.808000		! 320 ASP
CD(Fragment=1) 	-30.159000	34.500000	-44.332000		! 192 GLU
C(Fragment=1) 	-34.201000	32.420000	-44.423000		! 192 GLU

