%chk=1djg_3.chk

%nproc=8
%mem=16gb
#p Def2TZVP PBE1PBE maxDisk=200 nosymm Counterpoise=2

Counterpoise

! Num Residues = 5
! Residue List = 932:HOH, 2:LA, 651:ILE, 653:ASP, 677:ASN, 

3,1 0,1 3,1
OD1(Fragment=1) 	48.578000	35.210000	-49.530000		! 653 ASP
O(Fragment=1) 	53.408000	34.906000	-50.010000		! 653 ASP
CG(Fragment=1) 	84.163000	34.144000	24.396000		! 653 ASP
CG1(Fragment=1) 	82.676000	29.185000	30.000000		! 651 ILE
CB(Fragment=1) 	83.279000	29.922000	28.816000		! 651 ILE
CG(Fragment=1) 	80.608000	32.187000	27.053000		! 677 ASN
LA(Fragment=2) 	83.479000	34.421000	27.141000		! 2 LA
CA(Fragment=1) 	45.793000	32.912000	-46.088000		! 651 ILE
O(Fragment=1) 	86.833000	33.240000	21.289000		! 653 ASP
CD1(Fragment=1) 	44.026000	29.923000	-46.730000		! 651 ILE
CA(Fragment=1) 	84.531000	30.631000	29.240000		! 651 ILE
CB(Fragment=1) 	45.115000	32.156000	-47.255000		! 651 ILE
CA(Fragment=1) 	81.708000	30.458000	25.582000		! 677 ASN
C(Fragment=1) 	46.782000	31.138000	-51.047000		! 677 ASN
CA(Fragment=1) 	85.382000	32.436000	23.005000		! 653 ASP
CG(Fragment=1) 	49.369000	36.101000	-49.917000		! 653 ASP
N(Fragment=1) 	44.967000	33.960000	-45.560000		! 651 ILE
C(Fragment=1) 	47.095000	33.483000	-46.534000		! 651 ILE
N(Fragment=1) 	86.201000	32.129000	24.174000		! 653 ASP
CB(Fragment=1) 	84.874000	33.863000	23.084000		! 653 ASP
CA(Fragment=1) 	46.675000	32.628000	-50.943000		! 677 ASN
ND2(Fragment=1) 	44.034000	35.107000	-51.480000		! 677 ASN
O(Fragment=1) 	84.771000	32.333000	27.589000		! 651 ILE
OD2(Fragment=1) 	84.471000	35.164000	25.031000		! 653 ASP
C(Fragment=1) 	86.348000	32.270000	21.861000		! 653 ASP
N(Fragment=1) 	81.814000	31.297000	24.395000		! 677 ASN
O(Fragment=1) 	82.521000	34.298000	28.628000		! 932 HOH
CB(Fragment=1) 	45.250000	33.063000	-51.289000		! 677 ASN
CG2(Fragment=1) 	46.102000	31.227000	-47.938000		! 651 ILE
OD1(Fragment=1) 	83.355000	33.292000	24.831000		! 653 ASP
CD1(Fragment=1) 	81.175000	28.978000	29.891000		! 651 ILE
OD1(Fragment=1) 	45.578000	34.910000	-49.868000		! 677 ASN
O(Fragment=1) 	47.169000	34.578000	-47.082000		! 651 ILE
CG2(Fragment=1) 	83.568000	28.996000	27.703000		! 651 ILE
CA(Fragment=1) 	51.096000	34.263000	-49.797000		! 653 ASP
O(Fragment=1) 	45.861000	30.483000	-51.510000		! 677 ASN
N(Fragment=1) 	47.685000	33.368000	-51.682000		! 677 ASN
OD1(Fragment=1) 	81.708000	32.724000	27.187000		! 677 ASN
N(Fragment=1) 	50.734000	34.023000	-48.411000		! 653 ASP
C(Fragment=1) 	52.586000	33.989000	-49.884000		! 653 ASP
C(Fragment=1) 	85.159000	31.252000	28.015000		! 651 ILE
ND2(Fragment=1) 	79.461000	32.796000	27.367000		! 677 ASN
C(Fragment=1) 	81.730000	28.986000	25.348000		! 677 ASN
O(Fragment=1) 	80.811000	28.267000	25.751000		! 677 ASN
O(Fragment=1) 	72.015000	17.278000	-16.918000		! 932 HOH
LA(Fragment=2) 	46.826000	36.513000	-48.365000		! 2 LA
CB(Fragment=1) 	80.486000	30.823000	26.409000		! 677 ASN
OD2(Fragment=1) 	49.024000	37.284000	-50.145000		! 653 ASP
N(Fragment=1) 	84.218000	31.693000	30.139000		! 651 ILE
CG1(Fragment=1) 	43.873000	31.399000	-46.765000		! 651 ILE
CB(Fragment=1) 	50.812000	35.717000	-50.159000		! 653 ASP
CG(Fragment=1) 	44.939000	34.424000	-50.794000		! 677 ASN

