%chk=1djg_0.chk

%nproc=8
%mem=16gb
#p Def2TZVP PBE1PBE maxDisk=200 nosymm Counterpoise=2

Counterpoise

! Num Residues = 2
! Residue List = 708:ASP, 4:LA, 

3,1 0,1 3,1
CG(Fragment=1) 	52.516000	40.547000	-45.540000		! 708 ASP
CG(Fragment=1) 	89.410000	38.724000	25.151000		! 708 ASP
OD2(Fragment=1) 	52.856000	40.480000	-44.338000		! 708 ASP
CB(Fragment=1) 	88.973000	39.966000	24.373000		! 708 ASP
C(Fragment=1) 	87.501000	40.922000	22.606000		! 708 ASP
OD1(Fragment=1) 	51.921000	39.624000	-46.128000		! 708 ASP
CB(Fragment=1) 	52.884000	41.767000	-46.346000		! 708 ASP
LA(Fragment=2) 	90.150000	37.065000	27.719000		! 4 LA
CA(Fragment=1) 	87.849000	39.673000	23.381000		! 708 ASP
LA(Fragment=2) 	50.949000	38.827000	-43.496000		! 4 LA
OD1(Fragment=1) 	88.523000	37.928000	25.529000		! 708 ASP
O(Fragment=1) 	54.548000	43.012000	-48.505000		! 708 ASP
N(Fragment=1) 	53.753000	40.432000	-48.175000		! 708 ASP
C(Fragment=1) 	53.363000	42.684000	-48.588000		! 708 ASP
OD2(Fragment=1) 	90.631000	38.541000	25.374000		! 708 ASP
N(Fragment=1) 	88.255000	38.700000	22.361000		! 708 ASP
O(Fragment=1) 	88.276000	41.391000	21.763000		! 708 ASP
CA(Fragment=1) 	52.836000	41.505000	-47.826000		! 708 ASP

