%chk=1ksm_0.chk

%nproc=8
%mem=16gb
#p Def2TZVP PBE1PBE maxDisk=200 nosymm Counterpoise=2

Counterpoise

! Num Residues = 5
! Residue List = 60:GLU, 56:ASN, 65:GLU, 105:LA, 58:ASP, 

3,1 0,1 3,1
HG3(Fragment=1) 	8.934000	17.067000	-10.793000		! 65 GLU
OE2(Fragment=1) 	7.754000	24.644000	-2.908000		! 60 GLU
CD(Fragment=1) 	8.550000	24.323000	-3.817000		! 60 GLU
CA(Fragment=1) 	12.800000	21.792000	-13.867000		! 56 ASN
CG(Fragment=1) 	9.813000	17.119000	-10.151000		! 65 GLU
N(Fragment=1) 	12.245000	24.600000	-10.006000		! 58 ASP
CA(Fragment=1) 	9.321000	22.001000	-5.404000		! 60 GLU
CG(Fragment=1) 	9.734000	23.805000	-10.826000		! 58 ASP
CB(Fragment=1) 	9.831000	24.615000	-9.532000		! 58 ASP
H(Fragment=1) 	13.195000	20.550000	-12.242000		! 56 ASN
CA(Fragment=1) 	11.184000	25.287000	-9.290000		! 58 ASP
OE1(Fragment=1) 	9.782000	24.156000	-3.690000		! 60 GLU
OD2(Fragment=1) 	8.906000	24.193000	-11.678000		! 58 ASP
HB2(Fragment=1) 	9.531000	16.084000	-8.279000		! 65 GLU
H(Fragment=1) 	7.415000	15.938000	-9.494000		! 65 GLU
H(Fragment=1) 	10.153000	23.264000	-6.837000		! 60 GLU
CB(Fragment=1) 	7.939000	22.632000	-5.586000		! 60 GLU
CB(Fragment=1) 	9.892000	15.861000	-9.283000		! 65 GLU
HA(Fragment=1) 	11.186000	26.304000	-9.683000		! 58 ASP
C(Fragment=1) 	13.444000	23.096000	-13.390000		! 56 ASN
N(Fragment=1) 	10.361000	22.859000	-5.947000		! 60 GLU
H(Fragment=1) 	12.287000	23.612000	-9.855000		! 58 ASP
C(Fragment=1) 	11.474000	25.239000	-7.789000		! 58 ASP
N(Fragment=1) 	7.659000	15.090000	-9.965000		! 65 GLU
LA(Fragment=2) 	9.817000	21.204000	-9.378000		! 105 LA
HB3(Fragment=1) 	10.723000	21.809000	-14.450000		! 56 ASN
HB2(Fragment=1) 	9.614000	23.956000	-8.691000		! 58 ASP
CD(Fragment=1) 	9.746000	18.378000	-9.285000		! 65 GLU
HG2(Fragment=1) 	10.684000	17.168000	-10.804000		! 65 GLU
CA(Fragment=1) 	9.063000	14.725000	-9.887000		! 65 GLU
HB2(Fragment=1) 	7.616000	22.518000	-6.621000		! 60 GLU
O(Fragment=1) 	13.821000	23.939000	-14.201000		! 56 ASN
O(Fragment=1) 	10.140000	12.648000	-9.349000		! 65 GLU
OE2(Fragment=1) 	10.734000	19.143000	-9.318000		! 65 GLU
OD1(Fragment=1) 	10.490000	22.815000	-10.934000		! 58 ASP
O(Fragment=1) 	11.096000	26.148000	-7.050000		! 58 ASP
HA(Fragment=1) 	9.539000	21.919000	-4.340000		! 60 GLU
HA(Fragment=1) 	12.949000	21.619000	-14.932000		! 56 ASN
CB(Fragment=1) 	11.308000	21.851000	-13.531000		! 56 ASN
HD21(Fragment=1) 	9.645000	20.048000	-14.054000		! 56 ASN
HA(Fragment=1) 	9.378000	14.563000	-10.918000		! 65 GLU
HG3(Fragment=1) 	6.949000	24.519000	-5.250000		! 60 GLU
HB3(Fragment=1) 	7.212000	22.109000	-4.966000		! 60 GLU
HB2(Fragment=1) 	11.078000	22.802000	-13.050000		! 56 ASN
CG(Fragment=1) 	7.961000	24.116000	-5.215000		! 60 GLU
HB3(Fragment=1) 	10.931000	15.546000	-9.186000		! 65 GLU
HG2(Fragment=1) 	8.550000	24.670000	-5.947000		! 60 GLU
HB3(Fragment=1) 	9.058000	25.383000	-9.543000		! 58 ASP
C(Fragment=1) 	9.233000	13.435000	-9.083000		! 65 GLU
HD22(Fragment=1) 	9.673000	19.092000	-12.610000		! 56 ASN
C(Fragment=1) 	9.381000	20.617000	-6.055000		! 60 GLU
N(Fragment=1) 	13.441000	20.669000	-13.204000		! 56 ASN
OD1(Fragment=1) 	11.389000	20.559000	-11.499000		! 56 ASN
ND2(Fragment=1) 	10.000000	19.878000	-13.135000		! 56 ASN
OE1(Fragment=1) 	8.708000	18.548000	-8.609000		! 65 GLU
CG(Fragment=1) 	10.907000	20.697000	-12.611000		! 56 ASN
O(Fragment=1) 	9.392000	20.503000	-7.279000		! 60 GLU

