%chk=2k0j_0.chk

%nproc=8
%mem=16gb
#p Def2TZVP PBE1PBE maxDisk=200 nosymm Counterpoise=2

Counterpoise

! Num Residues = 6
! Residue List = 60:ASP, 58:ASP, 999:LA, 67:GLU, 62:THR, 64:ASP, 

3,1 0,1 3,1
HG22(Fragment=1) 	47.948000	14.736000	17.864000		! 62 THR
HG2(Fragment=1) 	55.732000	7.419000	20.010000		! 67 GLU
HB3(Fragment=1) 	53.523000	6.789000	18.990000		! 67 GLU
C(Fragment=1) 	55.446000	12.084000	25.449000		! 58 ASP
CB(Fragment=1) 	57.341000	12.365000	23.830000		! 58 ASP
CA(Fragment=1) 	56.689000	11.429000	24.850000		! 58 ASP
CD(Fragment=1) 	54.381000	9.055000	20.068000		! 67 GLU
CG(Fragment=1) 	56.820000	12.143000	22.425000		! 58 ASP
N(Fragment=1) 	53.495000	10.254000	16.617000		! 64 ASP
O(Fragment=1) 	51.380000	11.315000	19.510000		! 62 THR
HA(Fragment=1) 	52.885000	15.719000	23.987000		! 60 ASP
HG3(Fragment=1) 	55.922000	8.572000	18.688000		! 67 GLU
CA(Fragment=1) 	54.647000	10.606000	15.798000		! 64 ASP
HG23(Fragment=1) 	49.168000	15.915000	17.383000		! 62 THR
HB3(Fragment=1) 	58.409000	12.199000	23.830000		! 58 ASP
N(Fragment=1) 	56.368000	10.150000	24.228000		! 58 ASP
C(Fragment=1) 	51.227000	15.061000	22.823000		! 60 ASP
CB(Fragment=1) 	49.962000	14.029000	18.004000		! 62 THR
HB2(Fragment=1) 	57.141000	13.388000	24.110000		! 58 ASP
H(Fragment=1) 	56.354000	7.386000	16.858000		! 67 GLU
N(Fragment=1) 	49.829000	13.349000	20.388000		! 62 THR
H(Fragment=1) 	56.028000	10.135000	23.309000		! 58 ASP
O(Fragment=1) 	50.776000	16.117000	22.379000		! 60 ASP
HA(Fragment=1) 	54.370000	11.448000	15.181000		! 64 ASP
N(Fragment=1) 	52.992000	13.667000	23.866000		! 60 ASP
CA(Fragment=1) 	55.111000	5.968000	17.820000		! 67 GLU
HA(Fragment=1) 	57.394000	11.238000	25.645000		! 58 ASP
O(Fragment=1) 	55.548000	13.077000	26.169000		! 58 ASP
OD2(Fragment=1) 	53.642000	14.678000	19.730000		! 60 ASP
C(Fragment=1) 	54.173000	5.140000	16.949000		! 67 GLU
OD2(Fragment=1) 	57.558000	11.559000	21.603000		! 58 ASP
OD1(Fragment=1) 	55.561000	13.347000	17.000000		! 64 ASP
CA(Fragment=1) 	49.655000	12.903000	19.009000		! 62 THR
O(Fragment=1) 	54.349000	8.423000	14.856000		! 64 ASP
OE1(Fragment=1) 	53.145000	9.062000	19.897000		! 67 GLU
HB2(Fragment=1) 	56.074000	10.182000	17.338000		! 64 ASP
CB(Fragment=1) 	54.355000	7.158000	18.408000		! 67 GLU
HG1(Fragment=1) 	51.644000	14.138000	19.024000		! 62 THR
OD1(Fragment=1) 	52.922000	13.131000	21.110000		! 60 ASP
HB3(Fragment=1) 	54.645000	15.092000	22.365000		! 60 ASP
OD2(Fragment=1) 	55.242000	12.046000	18.741000		! 64 ASP
CB(Fragment=1) 	53.620000	15.210000	22.046000		! 60 ASP
CG(Fragment=1) 	55.207000	8.043000	19.302000		! 67 GLU
OG1(Fragment=1) 	51.263000	14.567000	18.254000		! 62 THR
HB2(Fragment=1) 	53.474000	16.222000	21.700000		! 60 ASP
H(Fragment=1) 	53.433000	12.969000	23.338000		! 60 ASP
HB3(Fragment=1) 	56.679000	11.231000	16.059000		! 64 ASP
O(Fragment=1) 	53.512000	4.220000	17.430000		! 67 GLU
HB2(Fragment=1) 	53.974000	7.763000	17.598000		! 67 GLU
CG(Fragment=1) 	53.371000	14.271000	20.879000		! 60 ASP
H(Fragment=1) 	53.638000	9.923000	17.529000		! 64 ASP
CB(Fragment=1) 	55.828000	11.005000	16.684000		! 64 ASP
HA(Fragment=1) 	55.475000	5.350000	18.627000		! 67 GLU
CA(Fragment=1) 	52.696000	14.957000	23.244000		! 60 ASP
CG2(Fragment=1) 	48.925000	15.137000	18.092000		! 62 THR
OD1(Fragment=1) 	55.676000	12.552000	22.145000		! 58 ASP
HB(Fragment=1) 	49.939000	13.614000	17.006000		! 62 THR
HG21(Fragment=1) 	48.921000	15.548000	19.091000		! 62 THR
HA(Fragment=1) 	48.622000	12.611000	18.883000		! 62 THR
CG(Fragment=1) 	55.522000	12.220000	17.537000		! 64 ASP
N(Fragment=1) 	56.264000	6.430000	17.054000		! 67 GLU
LA(Fragment=2) 	53.870000	11.551000	20.443000		! 999 LA
C(Fragment=1) 	55.037000	9.442000	14.895000		! 64 ASP
H(Fragment=1) 	50.730000	13.538000	20.722000		! 62 THR
OE2(Fragment=1) 	54.969000	9.839000	20.842000		! 67 GLU
C(Fragment=1) 	50.544000	11.706000	18.699000		! 62 THR

