%chk=2oqr_3.chk

%nproc=8
%mem=16gb
#p Def2TZVP PBE1PBE maxDisk=200 nosymm Counterpoise=2

Counterpoise

! Num Residues = 8
! Residue List = 422:HOH, 84:GLU, 421:HOH, 420:HOH, 52:ASP, 54:MET, 305:LA, 9:ASP, 

3,1 0,1 3,1
O(Fragment=1) 	33.538000	-45.418000	7.497000		! 52 ASP
OE2(Fragment=1) 	33.292000	-39.774000	10.733000		! 84 GLU
OE1(Fragment=1) 	32.517000	-38.630000	9.007000		! 84 GLU
O(Fragment=1) 	34.351000	-43.068000	11.302000		! 54 MET
SD(Fragment=1) 	39.008000	-40.433000	10.627000		! 54 MET
OD1(Fragment=1) 	31.466000	-43.572000	11.110000		! 52 ASP
CA(Fragment=1) 	31.396000	-44.262000	7.475000		! 52 ASP
CG(Fragment=1) 	31.694000	-43.371000	14.030000		! 9 ASP
C(Fragment=1) 	32.896000	-44.389000	7.195000		! 52 ASP
CB(Fragment=1) 	31.157000	-44.607000	14.719000		! 9 ASP
CG(Fragment=1) 	34.545000	-37.886000	9.997000		! 84 GLU
CB(Fragment=1) 	36.414000	-41.194000	10.081000		! 54 MET
O(Fragment=1) 	38.320000	-37.597000	7.492000		! 84 GLU
OD2(Fragment=1) 	32.174000	-42.340000	9.445000		! 52 ASP
N(Fragment=1) 	30.708000	-45.343000	6.773000		! 52 ASP
CA(Fragment=1) 	36.424000	-36.776000	8.728000		! 84 GLU
O(Fragment=1) 	34.565000	-41.041000	13.392000		! 420 HOH
C(Fragment=1) 	35.485000	-43.421000	10.833000		! 54 MET
CE(Fragment=1) 	39.558000	-41.913000	9.788000		! 54 MET
C(Fragment=1) 	37.278000	-36.932000	7.474000		! 84 GLU
O(Fragment=1) 	28.853000	-43.676000	16.327000		! 9 ASP
CD(Fragment=1) 	33.370000	-38.839000	9.896000		! 84 GLU
CG(Fragment=1) 	37.383000	-40.944000	11.214000		! 54 MET
CA(Fragment=1) 	29.668000	-44.872000	14.434000		! 9 ASP
O(Fragment=1) 	31.901000	-39.824000	13.066000		! 421 HOH
N(Fragment=1) 	35.373000	-42.727000	8.471000		! 54 MET
CG(Fragment=1) 	31.601000	-43.362000	9.869000		! 52 ASP
N(Fragment=1) 	35.911000	-35.414000	8.874000		! 84 GLU
CA(Fragment=1) 	36.172000	-42.659000	9.699000		! 54 MET
CB(Fragment=1) 	35.277000	-37.769000	8.681000		! 84 GLU
OD2(Fragment=1) 	30.950000	-42.407000	13.758000		! 9 ASP
N(Fragment=1) 	29.419000	-45.075000	13.013000		! 9 ASP
LA(Fragment=2) 	32.619000	-41.655000	11.974000		! 305 LA
O(Fragment=1) 	30.624000	-40.746000	11.548000		! 422 HOH
C(Fragment=1) 	28.813000	-43.795000	15.108000		! 9 ASP
OD1(Fragment=1) 	32.905000	-43.348000	13.750000		! 9 ASP
CB(Fragment=1) 	31.049000	-44.431000	8.956000		! 52 ASP

