%chk=2oqr_0.chk

%nproc=8
%mem=16gb
#p Def2TZVP PBE1PBE maxDisk=200 nosymm Counterpoise=2

Counterpoise

! Num Residues = 6
! Residue List = 15:ASP, 11:GLU, 439:HOH, 432:HOH, 433:HOH, 303:LA, 

3,1 0,1 3,1
CA(Fragment=1) 	19.129000	-45.033000	13.358000		! 15 ASP
LA(Fragment=2) 	19.803000	-48.457000	18.370000		! 303 LA
C(Fragment=1) 	22.851000	-42.924000	15.667000		! 11 GLU
OD1(Fragment=1) 	19.869000	-47.157000	15.035000		! 15 ASP
O(Fragment=1) 	17.128000	-45.149000	12.050000		! 15 ASP
CB(Fragment=1) 	23.677000	-44.398000	17.560000		! 11 GLU
OE2(Fragment=1) 	23.514000	-45.954000	19.794000		! 11 GLU
O(Fragment=1) 	19.165000	-50.738000	17.060000		! 439 HOH
CD(Fragment=1) 	22.749000	-46.328000	18.913000		! 11 GLU
CG(Fragment=1) 	22.748000	-45.592000	17.577000		! 11 GLU
O(Fragment=1) 	21.872000	-43.341000	15.082000		! 11 GLU
O(Fragment=1) 	21.681000	-50.014000	18.791000		! 433 HOH
OD2(Fragment=1) 	19.356000	-46.225000	16.984000		! 15 ASP
N(Fragment=1) 	20.427000	-44.525000	12.960000		! 15 ASP
C(Fragment=1) 	17.982000	-44.423000	12.497000		! 15 ASP
CG(Fragment=1) 	19.421000	-46.185000	15.709000		! 15 ASP
CA(Fragment=1) 	23.953000	-43.883000	16.130000		! 11 GLU
O(Fragment=1) 	21.492000	-48.733000	16.483000		! 432 HOH
CB(Fragment=1) 	18.915000	-44.917000	14.912000		! 15 ASP
OE1(Fragment=1) 	21.971000	-47.273000	19.075000		! 11 GLU
N(Fragment=1) 	25.250000	-43.234000	16.069000		! 11 GLU

