%chk=5ytq_1.chk

%nproc=8
%mem=16gb
#p Def2TZVP PBE1PBE maxDisk=200 nosymm Counterpoise=2

Counterpoise

! Num Residues = 2
! Residue List = 102:LA, 15:GLU, 

3,1 0,1 3,1
CG(Fragment=1) 	11.773000	27.138000	19.992000		! 15 GLU
N(Fragment=1) 	14.827000	27.254000	20.897000		! 15 GLU
CD(Fragment=1) 	-17.249000	25.448000	-1.665000		! 15 GLU
CA(Fragment=1) 	-13.250000	48.618000	17.678000		! 15 GLU
C(Fragment=1) 	-11.787000	48.803000	17.293000		! 15 GLU
OE2(Fragment=1) 	-12.072000	50.092000	21.707000		! 15 GLU
OE1(Fragment=1) 	-13.486000	48.629000	20.889000		! 15 GLU
CB(Fragment=1) 	-13.771000	49.836000	18.446000		! 15 GLU
OE2(Fragment=1) 	11.660000	27.353000	17.625000		! 15 GLU
LA(Fragment=2) 	13.476000	26.757000	16.061000		! 102 LA
O(Fragment=1) 	-15.092000	25.696000	2.755000		! 15 GLU
CA(Fragment=1) 	13.662000	27.092000	21.761000		! 15 GLU
N(Fragment=1) 	-13.443000	47.400000	18.456000		! 15 GLU
CG(Fragment=1) 	-12.809000	50.424000	19.471000		! 15 GLU
OE1(Fragment=1) 	13.343000	28.328000	18.648000		! 15 GLU
CB(Fragment=1) 	-17.645000	25.629000	0.840000		! 15 GLU
LA(Fragment=2) 	-12.819000	52.095000	23.082000		! 102 LA
O(Fragment=1) 	-11.492000	49.457000	16.286000		! 15 GLU
OE1(Fragment=1) 	-17.771000	26.579000	-1.742000		! 15 GLU
CA(Fragment=1) 	-16.808000	26.753000	1.458000		! 15 GLU
OE2(Fragment=1) 	-16.951000	24.765000	-2.668000		! 15 GLU
CG(Fragment=1) 	-16.965000	24.866000	-0.294000		! 15 GLU
C(Fragment=1) 	-15.382000	26.277000	1.701000		! 15 GLU
CD(Fragment=1) 	12.301000	27.637000	18.659000		! 15 GLU
CD(Fragment=1) 	-12.788000	49.658000	20.781000		! 15 GLU
C(Fragment=1) 	13.356000	25.622000	22.032000		! 15 GLU
CB(Fragment=1) 	12.446000	27.816000	21.172000		! 15 GLU
N(Fragment=1) 	-16.838000	27.938000	0.607000		! 15 GLU
O(Fragment=1) 	12.812000	25.295000	23.092000		! 15 GLU

