%chk=6ip9_0.chk

%nproc=8
%mem=16gb
#p Def2TZVP PBE1PBE maxDisk=200 nosymm Counterpoise=2

Counterpoise

! Num Residues = 9
! Residue List = 326:HOH, 82:ASP, 79:LYS, 310:HOH, 84:ASP, 88:ASP, 322:HOH, 203:LA, 87:ASP, 

3,1 0,1 3,1
CA(Fragment=1) 	3.488000	-6.624000	-5.229000		! 87 ASP
O(Fragment=1) 	5.083000	-6.147000	-10.758000		! 84 ASP
CG(Fragment=1) 	5.547000	-10.068000	-8.697000		! 88 ASP
CA(Fragment=1) 	2.761000	-8.415000	-14.982000		! 82 ASP
C(Fragment=1) 	4.136000	-8.017000	-5.189000		! 87 ASP
N(Fragment=1) 	2.589000	-9.759000	-14.370000		! 82 ASP
C(Fragment=1) 	6.043000	-5.427000	-10.994000		! 84 ASP
CG(Fragment=1) 	-2.624000	-8.976000	-8.818000		! 79 LYS
OD2(Fragment=1) 	2.586000	-5.920000	-12.591000		! 82 ASP
CG(Fragment=1) 	2.269000	-7.094000	-12.871000		! 82 ASP
O(Fragment=1) 	4.013000	-8.684000	-4.140000		! 87 ASP
NZ(Fragment=1) 	-4.701000	-6.047000	-9.879000		! 79 LYS
CE(Fragment=1) 	-4.386000	-7.201000	-9.009000		! 79 LYS
OD1(Fragment=1) 	5.146000	-2.955000	-9.601000		! 84 ASP
CA(Fragment=1) 	-0.769000	-9.947000	-10.334000		! 79 LYS
CD(Fragment=1) 	-2.906000	-7.496000	-9.007000		! 79 LYS
OD1(Fragment=1) 	2.592000	-7.327000	-7.823000		! 87 ASP
N(Fragment=1) 	4.862000	-8.439000	-6.227000		! 88 ASP
OD1(Fragment=1) 	2.293000	-8.048000	-12.044000		! 82 ASP
CB(Fragment=1) 	4.739000	-3.454000	-11.909000		! 84 ASP
CA(Fragment=1) 	5.620000	-9.715000	-6.148000		! 88 ASP
OD2(Fragment=1) 	0.603000	-6.381000	-7.545000		! 87 ASP
OD2(Fragment=1) 	5.591000	-11.100000	-9.384000		! 88 ASP
O(Fragment=1) 	3.106000	-4.926000	-9.380000		! 322 HOH
O(Fragment=1) 	4.422000	-9.318000	-11.488000		! 310 HOH
N(Fragment=1) 	-1.551000	-11.182000	-10.639000		! 79 LYS
O(Fragment=1) 	6.610000	-10.648000	-4.191000		! 88 ASP
CG(Fragment=1) 	1.713000	-6.781000	-7.119000		! 87 ASP
N(Fragment=1) 	4.335000	-5.699000	-6.032000		! 87 ASP
C(Fragment=1) 	0.743000	-10.239000	-10.360000		! 79 LYS
LA(Fragment=2) 	3.151000	-7.488000	-10.236000		! 203 LA
C(Fragment=1) 	4.240000	-8.048000	-14.867000		! 82 ASP
CB(Fragment=1) 	1.853000	-7.389000	-14.303000		! 82 ASP
CG(Fragment=1) 	4.852000	-2.503000	-10.729000		! 84 ASP
OD1(Fragment=1) 	4.867000	-9.052000	-8.996000		! 88 ASP
O(Fragment=1) 	4.995000	-8.877000	-14.330000		! 82 ASP
CA(Fragment=1) 	5.891000	-4.432000	-12.148000		! 84 ASP
CB(Fragment=1) 	2.008000	-6.593000	-5.643000		! 87 ASP
O(Fragment=1) 	1.092000	-6.100000	-10.225000		! 326 HOH
N(Fragment=1) 	5.618000	-5.202000	-13.394000		! 84 ASP
C(Fragment=1) 	6.544000	-9.650000	-4.920000		! 88 ASP
CB(Fragment=1) 	-1.161000	-9.371000	-8.967000		! 79 LYS
OD2(Fragment=1) 	4.559000	-1.307000	-10.940000		! 84 ASP
CB(Fragment=1) 	6.395000	-10.029000	-7.433000		! 88 ASP
O(Fragment=1) 	1.525000	-9.274000	-10.431000		! 79 LYS

